#MS                 O(alpha_s^2)        O(2L-compl.)        O(2L-compl.+3LQCD)  O(2L-compl.+3LQCD+4LQCD)
500.	            116.93259176451129	116.9741904984144	116.70356893240411	116.61924970050005
515.2052789556263	117.10419901584501	117.14610157087128	116.87359807916921	116.78869344428628
530.8729589274893	117.27425295442355	117.31645734526623	117.04208853347258	116.95660367445983
547.0171017884718	117.44277260539502	117.4852768636317	117.20905911935381	117.12299914169544
563.6521970408555	117.60977660169989	117.65257879632397	117.37452828565489	117.28789822012028
580.7931748207712	117.77528336308818	117.8183815880353	117.53851425121167	117.45131907371167
598.4554192981184	117.9393109515352	117.98270332048419	117.70103489714828	117.61327950609545
616.6547824839868	118.10187718477147	118.14556184803224	117.86210786598059	117.77379709382652
635.4075984579669	118.26299951998175	118.30697464643848	118.02175042301252	117.93288905279135
654.7306980281228	118.42269526302802	118.4669590461161	118.17997970246176	118.0905724410755
674.6414238367818	118.58098134682446	118.62553201637142	118.33681247424742	118.2468639690011
695.1576459257001	118.73787449532209	118.78271028918788	118.4922652744575	118.4017801137288
716.2977777745734	118.89339111641914	118.93851029767617	118.64635435566402	118.55533706975832
738.0807928272886	119.04754740759354	119.09294827201978	118.79909574582028	118.70755080837483
760.5262415207461	119.20035934098462	119.24604019719304	118.95050525931644	118.85843707864572
783.6542688315399	119.35183988693859	119.39779906874405	119.10059569343483	119.00800862818743
807.4856323562417	119.50201258028072	119.54824844265742	119.24939045276014	119.15628881040789
832.0417209415157	119.65088457007735	119.69739548314855	119.39689651152632	119.30328453445748
857.3445738807857	119.79847351866977	119.84525787913563	119.54313138741115	119.4490132762082
883.4169006946855	119.94479420102944	119.9918504227552	119.68810970729743	119.59348959865063
910.2821015130403	120.08986116087335	120.13718767713051	119.83184586845891	119.73672785608323
937.9642880766793	120.23368872896582	120.28128399005031	119.97435405647316	119.8787421754704
966.4883053779218	120.37629097655346	120.42415345427584	120.11564820155219	120.01954644915348
995.8797539591656	120.51768184102953	120.56581002033694	120.25574210245328	120.15915441376569
1026.1650128895844	120.65787499032274	120.70626738186868	120.39464929417646	120.29757956751013
1057.3712634405645	120.79688390399699	120.84553903190843	120.53238311518795	120.43483519271753
1089.5265134811182	120.93472190844983	120.98363830407398	120.66895676119226	120.57093444194587
1122.6596226151805	121.07140083202059	121.12057705528485	120.80438192807262	120.70588896858756
1156.8003280833443	121.2069373368637	121.25637196305028	120.93867516253113	120.83971526918343
1191.9792714522787	121.34134040210351	121.39103201022573	121.07184529947548	120.97242213713228
1228.228026115791	121.47462379242552	121.52457099117115	121.20390599112439	121.10402317668239
1265.5791256322084	121.60679989159053	121.65700129843634	121.3348694944809	121.23453060819635
1304.0660929235191	121.7378808569983	121.7883351098944	121.46474784600284	121.36395642993337
1343.7234703624706	121.86787869324786	121.91858443032733	121.5935529354507	121.49231247917268
1384.5868507746377	121.99680525849217	122.04776114493846	121.72129649852262	121.61961045787608
1426.6929093832784	122.1246722207209	122.17587693214924	121.84799009958478	121.74586188155637
1470.079436725652	122.25149103840484	122.30294326727083	121.97364507082673	121.87107805005876
1514.785372570339	122.37727308489606	122.42897152520905	122.09827267601055	121.99527018915994
1560.8508408660075	122.5020295351337	122.55397291086388	122.2218839861154	122.11844934031448
1608.3171857529903	122.62577141925932	122.677958449005	122.34448992564033	122.24062636539634
1657.2270086699941	122.74850961363805	122.80093904579412	122.46610126006762	122.36181200822605
1707.6242065892445	122.87025479740262	122.92292538683449	122.58672855449706	122.48201680557852
1759.5540114143837	122.99101760056634	123.04392811015866	122.70638235308817	122.60125125304202
1813.0630305764773	123.11080841962463	123.1639576280617	122.82507294812446	122.71952560222105
1868.199288864574	123.22963753969562	123.28302423337857	122.94281051226376	122.83685000663792
1925.0122715283512	123.34751513720579	123.40113811831006	123.05960512251362	122.95323451092172
1983.5529686915359	123.46445116078257	123.51830924118083	123.1754666510439	123.06868892982966
2043.8739211159666	123.58045553641244	123.63454753893635	123.29040490711814	123.18322306189769
2106.029267357362	123.69553794646149	123.74986270394805	123.40442948901139	123.29684645820811
2170.0747923551266	123.80970800361594	123.86426436400825	123.51754991675408	123.4095686176318
2236.067977499791	123.92297524515176	123.97776206025183	123.62977562534614	123.52139893903156
2304.0680522230455	124.03534898640716	124.09036511947579	123.74111585861611	123.63234662976984
2374.136047156642	124.14683842392039	124.2020827523286	123.851579705295	123.74242075516659
2446.3348489078903	124.25745267595272	124.31292409043472	123.96117620879436	123.85163032632914
2520.7292565009193	124.36720073904245	124.422898130797	124.06991426807565	123.95998421144974
2597.386039534329	124.47609145168873	124.53201372976478	124.1778026526493	124.0674911460382
2676.3739981074664	124.58413362572928	124.64027969765854	124.28485007167467	124.17415981376102
2757.764024569083	124.69133579737577	124.74770458827203	124.39106498660091	124.27999865615477
2841.6291671438107	124.79770654296195	124.8542969865551	124.49645589951888	124.38501612891459
2928.0446954935414	124.90325224118244	124.96006328344019	124.60102908974655	124.48921850107216
3017.0881682725835	125.00798723096726	125.06501781260116	124.7047988393047	124.59262001436625
3108.839502737192	125.11191366520636	125.16916275798656	124.80776721568463	124.69522271200262
3203.3810464719704	125.2150416587676	125.27250821893387	124.90994424167683	124.79703659949382
3300.797651297515	125.31737917945911	125.37506219236953	125.01133782925217	124.89806954582778
3401.1767494256246	125.41893408303574	125.47683252912749	125.11195574361095	124.99832931069945
3504.6084319304377	125.51971419137651	125.5778270693682	125.21180574733725	125.09782360605311
3611.185529605923	125.61972715934878	125.67805346332624	125.31089541013657	125.19655999677664
3721.0036962822805	125.71898056051866	125.77751929799877	125.40923223250856	125.29454595826816
3834.161494676058	125.81748192494861	125.87623211869267	125.50682368842754	125.39178891925998
3950.7604848509977	125.91523859896061	125.9741992744435	125.60367703861967	125.48829614329648
4070.905315369048	126.0122578912248	126.0714280808693	125.69979953164783	125.5840748385122
4194.703817213302	126.10854701339514	126.16792575302769	125.79519830761434	125.67913211724883
4322.26710056722	126.20411308926317	126.26369942426881	125.88988041923255	125.77347502274102
4453.709654536921	126.29896314657792	126.35875613537807	125.98385283769386	125.8671104967284
4589.14944990612	126.39310411181178	126.45310281571317	126.07712241484447	125.96004536554102
4728.708045015884	126.4865393287347	126.54674281571141	126.16969242649257	126.05228288411452
4872.510694864245	126.57928617605153	126.63969351714964	126.26158020708141	126.14384037544727
5020.68646352361	126.67134070076212	126.73195098808978	126.35278172813405	126.23471377189281
5173.368339976837	126.76271305066507	126.82352536186924	126.44330706497173	126.32491313782933
5330.693357475944	126.85340977341428	126.91442321099399	126.53316271856231	126.4144449580163
5492.802716530593	126.94343731913357	127.00465098396664	126.6223550739908	126.50331558280101
5659.841911636733	127.03280203358143	127.09421504061994	126.71089042208511	126.59153128584104
5831.960861859095	127.12151020227033	127.1831216528041	126.79877497513743	126.6790982683017
6009.314045384819	127.20956804538505	127.27137706864956	126.88601490860282	126.76602268091892
6192.060638168899	127.29698168946543	127.35898741849593	126.97261629445596	126.85231057268219
6380.3646567959195	127.38375394264956	127.44595550667759	127.05858186298407	126.9379646526033
6574.395105686321	127.46990068410268	127.53229722166351	127.14392747234038	127.02300076021248
6774.32612877925	127.55541787357943	127.61800853229131	127.22864899695308	127.1074147593408
6980.337165828201	127.64031244653017	127.70309637415258	127.31275331831597	127.19121350745428
7192.613113449689	127.72459699361576	127.78757335479305	127.39625299895167	127.27440955706952
7411.344491069486	127.80827039471818	127.87143835169437	127.47914684400341	127.35700167199153
7636.727611915395	127.89134058421376	127.95469930809978	127.5614427409599	127.43899774172512
7868.964759210011	127.97381313642151	128.0373618003375	127.64314621375495	127.52040325850582
8108.264367721573	128.05569354765802	128.11943132656822	127.72426270034194	127.60122365463188
8354.841210835913	128.13698729631014	128.20091337890904	127.80479763421476	127.68146434619113
8608.916593317359	128.21769972374022	128.28181329852995	127.88475631014958	127.76113060300216
8870.718549931576	128.29783617052925	128.36213644141878	127.96414401577235	127.84022770262867
9140.482050108692	128.37739892148994	128.44188508614795	128.04296297584594	127.91875784722053
9418.449208830289	128.45640212550953	128.52107340095844	128.12122732763646	127.99673516142762
9704.86950392961	128.53484196334006	128.5996975493025	128.1989331679517	128.07415572070462
10000.	128.61272649276123	128.6777656156091	128.27608852400047	128.15102753621602
